-1.000000 1000.000000
-0.999000 1000.000000
-0.998000 1000.000000
-0.997000 1000.000000
-0.996000 1000.000000
-0.995000 1000.000000
-0.994000 1000.000000
-0.993000 1000.000000
-0.992000 1000.000000
-0.991000 1000.000000
-0.990000 1000.000000
-0.989000 1000.000000
-0.988000 1000.000000
-0.987000 1000.000000
-0.986000 1000.000000
-0.985000 1000.000000
-0.984000 1000.000000
-0.983000 1000.000000
-0.982000 1000.000000
-0.981000 1000.000000
-0.980000 1000.000000
-0.979000 1000.000000
-0.978000 1000.000000
-0.977000 1000.000000
-0.976000 1000.000000
-0.975000 1000.000000
-0.974000 1000.000000
-0.973000 1000.000000
-0.972000 1000.000000
-0.971000 1000.000000
-0.970000 1000.000000
-0.969000 1000.000000
-0.968000 1000.000000
-0.967000 1000.000000
-0.966000 1000.000000
-0.965000 1000.000000
-0.964000 1000.000000
-0.963000 1000.000000
-0.962000 1000.000000
-0.961001 1000.000000
-0.960001 1000.000000
-0.959001 1000.000000
-0.958001 1000.000000
-0.957001 1000.000000
-0.956001 1000.000000
-0.955001 1000.000000
-0.954001 1000.000000
-0.953001 1000.000000
-0.952001 1000.000000
-0.951001 1000.000000
-0.950001 1000.000000
-0.949001 1000.000000
-0.948001 1000.000000
-0.947001 1000.000000
-0.946001 1000.000000
-0.945001 1000.000000
-0.944001 1000.000000
-0.943001 1000.000000
-0.942001 1000.000000
-0.941001 1000.000000
-0.940001 1000.000000
-0.939001 1000.000000
-0.938001 1000.000000
-0.937001 1000.000000
-0.936001 1000.000000
-0.935001 1000.000000
-0.934001 1000.000000
-0.933001 1000.000000
-0.932001 1000.000000
-0.931001 1000.000000
-0.930001 1000.000000
-0.929001 1000.000000
-0.928001 1000.000000
-0.927001 1000.000000
-0.926001 1000.000000
-0.925001 1000.000000
-0.924001 1000.000000
-0.923001 1000.000000
-0.922001 1000.000000
-0.921001 1000.000000
-0.920001 1000.000000
-0.919001 1000.000000
-0.918001 1000.000000
-0.917001 1000.000000
-0.916001 1000.000000
-0.915001 1000.000000
-0.914001 1000.000000
-0.913001 1000.000000
-0.912001 1000.000000
-0.911001 1000.000000
-0.910001 1000.000000
-0.909001 1000.000000
-0.908001 1000.000000
-0.907001 1000.000000
-0.906001 1000.000000
-0.905001 1000.000000
-0.904001 1000.000000
-0.903001 1000.000000
-0.902001 1000.000000
-0.901001 1000.000000
-0.900001 1000.000000
-0.899001 1000.000000
-0.898001 1000.000000
-0.897001 1000.000000
-0.896001 1000.000000
-0.895001 1000.000000
-0.894001 1000.000000
-0.893001 1000.000000
-0.892001 1000.000000
-0.891001 1000.000000
-0.890001 1000.000000
-0.889001 1000.000000
-0.888001 1000.000000
-0.887001 1000.000000
-0.886001 1000.000000
-0.885001 1000.000000
-0.884001 1000.000000
-0.883002 1000.000000
-0.882002 1000.000000
-0.881002 1000.000000
-0.880002 1000.000000
-0.879002 1000.000000
-0.878002 1000.000000
-0.877002 1000.000000
-0.876002 1000.000000
-0.875002 1000.000000
-0.874002 1000.000000
-0.873002 1000.000000
-0.872002 1000.000000
-0.871002 1000.000000
-0.870002 1000.000000
-0.869002 1000.000000
-0.868002 1000.000000
-0.867002 1000.000000
-0.866002 1000.000000
-0.865002 1000.000000
-0.864002 1000.000000
-0.863002 1000.000000
-0.862002 1000.000000
-0.861002 1000.000000
-0.860002 1000.000000
-0.859002 1000.000000
-0.858002 1000.000000
-0.857002 1000.000000
-0.856002 1000.000000
-0.855002 1000.000000
-0.854002 1000.000000
-0.853002 1000.000000
-0.852002 1000.000000
-0.851002 1000.000000
-0.850002 1000.000000
-0.849002 1000.000000
-0.848002 1000.000000
-0.847002 1000.000000
-0.846002 1000.000000
-0.845002 1000.000000
-0.844002 1000.000000
-0.843002 1000.000000
-0.842002 1000.000000
-0.841002 1000.000000
-0.840002 1000.000000
-0.839002 1000.000000
-0.838002 1000.000000
-0.837002 1000.000000
-0.836002 1000.000000
-0.835002 1000.000000
-0.834002 1000.000000
-0.833002 1000.000000
-0.832002 1000.000000
-0.831002 1000.000000
-0.830002 1000.000000
-0.829002 1000.000000
-0.828002 1000.000000
-0.827002 1000.000000
-0.826002 1000.000000
-0.825002 1000.000000
-0.824002 1000.000000
-0.823002 1000.000000
-0.822002 1000.000000
-0.821002 1000.000000
-0.820002 1000.000000
-0.819002 1000.000000
-0.818002 1000.000000
-0.817002 1000.000000
-0.816002 1000.000000
-0.815002 1000.000000
-0.814002 1000.000000
-0.813002 1000.000000
-0.812002 1000.000000
-0.811002 1000.000000
-0.810002 1000.000000
-0.809002 1000.000000
-0.808002 1000.000000
-0.807002 1000.000000
-0.806002 1000.000000
-0.805003 1000.000000
-0.804003 1000.000000
-0.803003 1000.000000
-0.802003 1000.000000
-0.801003 1000.000000
-0.800003 1000.000000
-0.799003 1000.000000
-0.798003 1000.000000
-0.797003 1000.000000
-0.796003 1000.000000
-0.795003 1000.000000
-0.794003 1000.000000
-0.793003 1000.000000
-0.792003 1000.000000
-0.791003 1000.000000
-0.790003 1000.000000
-0.789003 1000.000000
-0.788003 1000.000000
-0.787003 1000.000000
-0.786003 1000.000000
-0.785003 1000.000000
-0.784003 1000.000000
-0.783003 1000.000000
-0.782003 1000.000000
-0.781003 1000.000000
-0.780003 1000.000000
-0.779003 1000.000000
-0.778003 1000.000000
-0.777003 1000.000000
-0.776003 1000.000000
-0.775003 1000.000000
-0.774003 1000.000000
-0.773003 1000.000000
-0.772003 1000.000000
-0.771003 1000.000000
-0.770003 1000.000000
-0.769003 1000.000000
-0.768003 1000.000000
-0.767003 1000.000000
-0.766003 1000.000000
-0.765003 1000.000000
-0.764003 1000.000000
-0.763003 1000.000000
-0.762003 1000.000000
-0.761003 1000.000000
-0.760003 1000.000000
-0.759003 1000.000000
-0.758003 1000.000000
-0.757003 1000.000000
-0.756003 1000.000000
-0.755003 1000.000000
-0.754003 1000.000000
-0.753003 1000.000000
-0.752003 1000.000000
-0.751003 1000.000000
-0.750003 1000.000000
-0.749003 1000.000000
-0.748003 1000.000000
-0.747003 1000.000000
-0.746003 1000.000000
-0.745003 1000.000000
-0.744003 1000.000000
-0.743003 1000.000000
-0.742003 1000.000000
-0.741003 1000.000000
-0.740003 1000.000000
-0.739003 1000.000000
-0.738003 1000.000000
-0.737003 1000.000000
-0.736003 1000.000000
-0.735003 1000.000000
-0.734003 1000.000000
-0.733003 1000.000000
-0.732003 1000.000000
-0.731003 1000.000000
-0.730003 1000.000000
-0.729003 1000.000000
-0.728004 1000.000000
-0.727004 1000.000000
-0.726004 1000.000000
-0.725004 1000.000000
-0.724004 1000.000000
-0.723004 1000.000000
-0.722004 1000.000000
-0.721004 1000.000000
-0.720004 1000.000000
-0.719004 1000.000000
-0.718004 1000.000000
-0.717004 1000.000000
-0.716004 1000.000000
-0.715004 1000.000000
-0.714004 1000.000000
-0.713004 1000.000000
-0.712004 1000.000000
-0.711004 1000.000000
-0.710004 1000.000000
-0.709004 1000.000000
-0.708004 1000.000000
-0.707004 1000.000000
-0.706004 1000.000000
-0.705004 1000.000000
-0.704004 1000.000000
-0.703004 1000.000000
-0.702004 1000.000000
-0.701004 1000.000000
-0.700004 1000.000000
-0.699004 1000.000000
-0.698004 1000.000000
-0.697004 1000.000000
-0.696004 1000.000000
-0.695004 1000.000000
-0.694004 1000.000000
-0.693004 1000.000000
-0.692004 1000.000000
-0.691004 1000.000000
-0.690004 1000.000000
-0.689004 1000.000000
-0.688004 1000.000000
-0.687004 1000.000000
-0.686004 1000.000000
-0.685004 1000.000000
-0.684004 1000.000000
-0.683004 1000.000000
-0.682004 1000.000000
-0.681004 1000.000000
-0.680004 1000.000000
-0.679004 1000.000000
-0.678004 1000.000000
-0.677004 1000.000000
-0.676004 1000.000000
-0.675004 1000.000000
-0.674004 1000.000000
-0.673004 1000.000000
-0.672004 1000.000000
-0.671004 1000.000000
-0.670004 1000.000000
-0.669004 1000.000000
-0.668004 1000.000000
-0.667004 1000.000000
-0.666004 1000.000000
-0.665004 1000.000000
-0.664004 1000.000000
-0.663004 1000.000000
-0.662004 1000.000000
-0.661004 1000.000000
-0.660004 1000.000000
-0.659004 1000.000000
-0.658004 1000.000000
-0.657004 1000.000000
-0.656004 1000.000000
-0.655004 1000.000000
-0.654004 1000.000000
-0.653004 1000.000000
-0.652004 1000.000000
-0.651004 1000.000000
-0.650005 1000.000000
-0.649005 1000.000000
-0.648005 1000.000000
-0.647005 1000.000000
-0.646005 1000.000000
-0.645005 1000.000000
-0.644005 1000.000000
-0.643005 1000.000000
-0.642005 1000.000000
-0.641005 1000.000000
-0.640005 1000.000000
-0.639005 1000.000000
-0.638005 1000.000000
-0.637005 1000.000000
-0.636005 1000.000000
-0.635005 1000.000000
-0.634005 1000.000000
-0.633005 1000.000000
-0.632005 1000.000000
-0.631005 1000.000000
-0.630005 1000.000000
-0.629005 1000.000000
-0.628005 1000.000000
-0.627005 1000.000000
-0.626005 1000.000000
-0.625005 1000.000000
-0.624005 1000.000000
-0.623005 1000.000000
-0.622005 1000.000000
-0.621005 1000.000000
-0.620005 1000.000000
-0.619005 1000.000000
-0.618005 1000.000000
-0.617005 1000.000000
-0.616005 1000.000000
-0.615005 1000.000000
-0.614005 1000.000000
-0.613005 1000.000000
-0.612005 1000.000000
-0.611005 1000.000000
-0.610005 1000.000000
-0.609005 1000.000000
-0.608005 1000.000000
-0.607005 1000.000000
-0.606005 1000.000000
-0.605005 1000.000000
-0.604005 1000.000000
-0.603005 1000.000000
-0.602005 1000.000000
-0.601005 1000.000000
-0.600005 1000.000000
-0.599005 1000.000000
-0.598005 1000.000000
-0.597005 1000.000000
-0.596005 1000.000000
-0.595005 1000.000000
-0.594005 1000.000000
-0.593005 1000.000000
-0.592005 1000.000000
-0.591005 1000.000000
-0.590005 1000.000000
-0.589005 1000.000000
-0.588005 1000.000000
-0.587005 1000.000000
-0.586005 1000.000000
-0.585005 1000.000000
-0.584005 1000.000000
-0.583005 1000.000000
-0.582005 1000.000000
-0.581005 1000.000000
-0.580005 1000.000000
-0.579005 1000.000000
-0.578005 1000.000000
-0.577005 1000.000000
-0.576005 1000.000000
-0.575005 1000.000000
-0.574005 1000.000000
-0.573005 1000.000000
-0.572006 1000.000000
-0.571006 1000.000000
-0.570006 1000.000000
-0.569006 1000.000000
-0.568006 1000.000000
-0.567006 1000.000000
-0.566006 1000.000000
-0.565006 1000.000000
-0.564006 1000.000000
-0.563006 1000.000000
-0.562006 1000.000000
-0.561006 1000.000000
-0.560006 1000.000000
-0.559006 1000.000000
-0.558006 1000.000000
-0.557006 1000.000000
-0.556006 1000.000000
-0.555006 1000.000000
-0.554006 1000.000000
-0.553006 1000.000000
-0.552006 1000.000000
-0.551006 1000.000000
-0.550006 1000.000000
-0.549006 1000.000000
-0.548006 1000.000000
-0.547006 1000.000000
-0.546006 1000.000000
-0.545006 1000.000000
-0.544006 1000.000000
-0.543006 1000.000000
-0.542006 1000.000000
-0.541006 1000.000000
-0.540006 1000.000000
-0.539006 1000.000000
-0.538006 1000.000000
-0.537006 1000.000000
-0.536006 1000.000000
-0.535006 1000.000000
-0.534006 1000.000000
-0.533006 1000.000000
-0.532006 1000.000000
-0.531006 1000.000000
-0.530006 1000.000000
-0.529006 1000.000000
-0.528006 1000.000000
-0.527006 1000.000000
-0.526006 1000.000000
-0.525006 1000.000000
-0.524006 1000.000000
-0.523006 1000.000000
-0.522006 1000.000000
-0.521006 1000.000000
-0.520006 1000.000000
-0.519006 1000.000000
-0.518006 1000.000000
-0.517006 1000.000000
-0.516006 1000.000000
-0.515006 1000.000000
-0.514006 1000.000000
-0.513006 1000.000000
-0.512006 1000.000000
-0.511006 1000.000000
-0.510006 1000.000000
-0.509006 1000.000000
-0.508006 1000.000000
-0.507006 1000.000000
-0.506006 1000.000000
-0.505006 1000.000000
-0.504006 1000.000000
-0.503006 1000.000000
-0.502006 1000.000000
-0.501006 1000.000000
-0.500006 1000.000000
-0.499006 1000.000000
-0.498006 1000.000000
-0.497006 1000.000000
-0.496006 1000.000000
-0.495007 1000.000000
-0.494007 1000.000000
-0.493007 1000.000000
-0.492007 1000.000000
-0.491007 1000.000000
-0.490007 1000.000000
-0.489007 1000.000000
-0.488007 1000.000000
-0.487007 1000.000000
-0.486007 1000.000000
-0.485007 1000.000000
-0.484007 1000.000000
-0.483007 1000.000000
-0.482007 1000.000000
-0.481007 999.999939
-0.480007 999.999939
-0.479007 999.999939
-0.478007 999.999939
-0.477007 999.999878
-0.476007 999.999878
-0.475007 999.999878
-0.474007 999.999878
-0.473007 999.999878
-0.472007 999.999878
-0.471007 999.999878
-0.470007 999.999878
-0.469007 999.999817
-0.468007 999.999817
-0.467007 999.999756
-0.466007 999.999756
-0.465007 999.999756
-0.464007 999.999756
-0.463007 999.999695
-0.462007 999.999634
-0.461007 999.999634
-0.460007 999.999573
-0.459007 999.999512
-0.458007 999.999512
-0.457007 999.999390
-0.456007 999.999390
-0.455007 999.999268
-0.454007 999.999268
-0.453007 999.999146
-0.452007 999.999084
-0.451007 999.999023
-0.450007 999.998901
-0.449007 999.998779
-0.448007 999.998718
-0.447007 999.998596
-0.446007 999.998474
-0.445007 999.998291
-0.444007 999.998108
-0.443007 999.997986
-0.442007 999.997742
-0.441007 999.997498
-0.440007 999.997253
-0.439007 999.997009
-0.438007 999.996765
-0.437007 999.996399
-0.436007 999.996094
-0.435007 999.995728
-0.434007 999.995361
-0.433007 999.994873
-0.432007 999.994385
-0.431007 999.993896
-0.430007 999.993408
-0.429007 999.992737
-0.428007 999.992126
-0.427007 999.991394
-0.426007 999.990662
-0.425007 999.989807
-0.424007 999.988892
-0.423007 999.987915
-0.422007 999.986816
-0.421007 999.985718
-0.420007 999.984436
-0.419007 999.983093
-0.418007 999.981628
-0.417008 999.980042
-0.416008 999.978333
-0.415008 999.976440
-0.414008 999.974426
-0.413008 999.972290
-0.412008 999.969971
-0.411008 999.967407
-0.410008 999.964722
-0.409008 999.961731
-0.408008 999.958496
-0.407008 999.955200
-0.406008 999.951477
-0.405008 999.947510
-0.404008 999.943176
-0.403008 999.938599
-0.402008 999.933594
-0.401008 999.928284
-0.400008 999.922546
-0.399008 999.916443
-0.398008 999.909729
-0.397008 999.902710
-0.396008 999.895081
-0.395008 999.886841
-0.394008 999.878052
-0.393008 999.868652
-0.392008 999.858521
-0.391008 999.847656
-0.390008 999.836060
-0.389008 999.823669
-0.388008 999.810364
-0.387008 999.796082
-0.386008 999.780884
-0.385008 999.764587
-0.384008 999.747131
-0.383008 999.728516
-0.382008 999.708679
-0.381008 999.687378
-0.380008 999.664734
-0.379008 999.640503
-0.378008 999.614746
-0.377008 999.587158
-0.376008 999.557861
-0.375008 999.526611
-0.374008 999.493286
-0.373008 999.457825
-0.372008 999.420166
-0.371008 999.380005
-0.370008 999.337341
-0.369008 999.291870
-0.368008 999.243591
-0.367008 999.192383
-0.366008 999.137939
-0.365008 999.080200
-0.364008 999.018799
-0.363008 998.953674
-0.362008 998.884766
-0.361008 998.811584
-0.360008 998.734070
-0.359008 998.651917
-0.358008 998.564941
-0.357008 998.472900
-0.356008 998.375488
-0.355008 998.272400
-0.354008 998.163452
-0.353008 998.048279
-0.352008 997.926575
-0.351008 997.798035
-0.350008 997.662292
-0.349008 997.519043
-0.348008 997.367859
-0.347008 997.208496
-0.346008 997.040405
-0.345008 996.863220
-0.344008 996.676575
-0.343008 996.479980
-0.342008 996.273071
-0.341008 996.055237
-0.340008 995.826111
-0.339009 995.585144
-0.338009 995.331848
-0.337009 995.065613
-0.336009 994.786011
-0.335009 994.492310
-0.334009 994.184082
-0.333009 993.860596
-0.332009 993.521301
-0.331009 993.165466
-0.330009 992.792542
-0.329009 992.401733
-0.328009 991.992493
-0.327009 991.563843
-0.326009 991.115295
-0.325009 990.645874
-0.324009 990.154968
-0.323009 989.641785
-0.322009 989.105347
-0.321009 988.544922
-0.320009 987.959595
-0.319009 987.348572
-0.318009 986.710815
-0.317009 986.045471
-0.316009 985.351685
-0.315009 984.628296
-0.314009 983.874573
-0.313009 983.089355
-0.312009 982.271667
-0.311009 981.420532
-0.310009 980.534790
-0.309009 979.613403
-0.308009 978.655334
-0.307009 977.659607
-0.306009 976.624817
-0.305009 975.550049
-0.304009 974.434021
-0.303009 973.275757
-0.302009 972.073975
-0.301009 970.827454
-0.300009 969.535095
-0.299009 968.195679
-0.298009 966.807983
-0.297009 965.370789
-0.296009 963.882812
-0.295009 962.342896
-0.294009 960.749878
-0.293009 959.102417
-0.292009 957.399231
-0.291009 955.639160
-0.290009 953.820984
-0.289009 951.943481
-0.288009 950.005310
-0.287009 948.005310
-0.286009 945.942261
-0.285009 943.815002
-0.284009 941.622253
-0.283009 939.362854
-0.282009 937.035583
-0.281009 934.639343
-0.280009 932.173035
-0.279009 929.635315
-0.278009 927.025330
-0.277009 924.341797
-0.276009 921.583801
-0.275009 918.750183
-0.274009 915.840027
-0.273009 912.852295
-0.272009 909.786133
-0.271009 906.640442
-0.270009 903.414490
-0.269009 900.107422
-0.268009 896.718445
-0.267009 893.246643
-0.266009 889.691467
-0.265009 886.052185
-0.264009 882.328125
-0.263009 878.518799
-0.262010 874.623535
-0.261010 870.641968
-0.260010 866.573547
-0.259010 862.418030
-0.258010 858.175049
-0.257010 853.844299
-0.256010 849.425537
-0.255010 844.918701
-0.254010 840.323792
-0.253010 835.640625
-0.252010 830.869324
-0.251010 826.010010
-0.250010 821.062805
-0.249010 816.027954
-0.248010 810.905823
-0.247010 805.696716
-0.246010 800.401184
-0.245010 795.019775
-0.244010 789.553040
-0.243010 784.001709
-0.242010 778.366333
-0.241010 772.647949
-0.240010 766.847351
-0.239010 760.965515
-0.238010 755.003479
-0.237010 748.962341
-0.236010 742.843262
-0.235010 736.647583
-0.234010 730.376526
-0.233010 724.031555
-0.232010 717.614136
-0.231010 711.125732
-0.230010 704.568054
-0.229010 697.942749
-0.228010 691.251465
-0.227010 684.496033
-0.226010 677.678467
-0.225010 670.800537
-0.224010 663.864441
-0.223010 656.871948
-0.222010 649.825439
-0.221010 642.726929
-0.220010 635.578613
-0.219010 628.382935
-0.218010 621.142029
-0.217010 613.858337
-0.216010 606.534363
-0.215010 599.172485
-0.214010 591.775208
-0.213010 584.345032
-0.212010 576.884644
-0.211010 569.396545
-0.210010 561.883423
-0.209010 554.347961
-0.208010 546.792725
-0.207010 539.220581
-0.206010 531.634216
-0.205010 524.036316
-0.204010 516.429626
-0.203010 508.816956
-0.202010 501.201080
-0.201010 493.584808
-0.200010 485.970856
-0.199010 478.362030
-0.198010 470.761047
-0.197010 463.170715
-0.196010 455.593750
-0.195010 448.032959
-0.194010 440.490967
-0.193010 432.970490
-0.192010 425.474213
-0.191010 418.004822
-0.190010 410.564850
-0.189010 403.156921
-0.188010 395.783569
-0.187010 388.447388
-0.186010 381.150726
-0.185010 373.896118
-0.184010 366.685852
-0.183010 359.522400
-0.182010 352.407928
-0.181010 345.344727
-0.180010 338.334991
-0.179010 331.380859
-0.178010 324.484344
-0.177010 317.647552
-0.176010 310.872375
-0.175010 304.160675
-0.174010 297.514343
-0.173009 290.935089
-0.172009 284.424713
-0.171009 277.984741
-0.170009 271.616730
-0.169009 265.322205
-0.168009 259.102570
-0.167009 252.959229
-0.166009 246.893372
-0.165009 240.906265
-0.164009 234.999023
-0.163009 229.172699
-0.162009 223.428284
-0.161009 217.766678
-0.160009 212.188751
-0.159009 206.695236
-0.158009 201.286789
-0.157009 195.964127
-0.156009 190.727768
-0.155009 185.578171
-0.154009 180.515701
-0.153009 175.540833
-0.152009 170.653702
-0.151009 165.854538
-0.150009 161.143509
-0.149009 156.520630
-0.148009 151.985977
-0.147009 147.539444
-0.146009 143.180908
-0.145009 138.910202
-0.144009 134.727066
-0.143009 130.631180
-0.142009 126.622200
-0.141009 122.699738
-0.140009 118.863281
-0.139009 115.112366
-0.138009 111.446381
-0.137009 107.864708
-0.136009 104.366692
-0.135009 100.951614
-0.134009 97.618759
-0.133009 94.367294
-0.132009 91.196388
-0.131009 88.105232
-0.130009 85.092842
-0.129009 82.158295
-0.128009 79.300644
-0.127009 76.518890
-0.126009 73.811981
-0.125009 71.178909
-0.124009 68.618538
-0.123009 66.129807
-0.122009 63.711525
-0.121009 61.362656
-0.120009 59.081970
-0.119009 56.868317
-0.118009 54.720520
-0.117009 52.637337
-0.116009 50.617634
-0.115009 48.660099
-0.114009 46.763599
-0.113009 44.926823
-0.112009 43.148605
-0.111009 41.427643
-0.110009 39.762733
-0.109009 38.152664
-0.108009 36.596149
-0.107009 35.091965
-0.106009 33.638924
-0.105009 32.235741
-0.104009 30.881226
-0.103009 29.574156
-0.102009 28.313339
-0.101009 27.097584
-0.100009 25.925726
-0.099009 24.796545
-0.098009 23.708910
-0.097009 22.661686
-0.096009 21.653711
-0.095009 20.683884
-0.094009 19.751102
-0.093009 18.854290
-0.092009 17.992348
-0.091009 17.164230
-0.090009 16.368896
-0.089009 15.605330
-0.088009 14.872551
-0.087009 14.169544
-0.086009 13.495356
-0.085009 12.849063
-0.084009 12.229681
-0.083009 11.636347
-0.082009 11.068195
-0.081009 10.524302
-0.080009 10.003835
-0.079009 9.506017
-0.078009 9.029955
-0.077009 8.574933
-0.076009 8.140146
-0.075009 7.724822
-0.074009 7.328301
-0.073009 6.949812
-0.072009 6.588697
-0.071009 6.244272
-0.070009 5.915880
-0.069009 5.602896
-0.068009 5.304724
-0.067009 5.020738
-0.066009 4.750371
-0.065009 4.493058
-0.064009 4.248261
-0.063009 4.015475
-0.062009 3.794163
-0.061009 3.583848
-0.060009 3.384084
-0.059009 3.194362
-0.058009 3.014266
-0.057009 2.843380
-0.056009 2.681255
-0.055009 2.527565
-0.054009 2.381861
-0.053009 2.243787
-0.052009 2.113014
-0.051009 1.989216
-0.050009 1.872003
-0.049009 1.761138
-0.048009 1.656264
-0.047009 1.557082
-0.046009 1.463383
-0.045009 1.374841
-0.044009 1.291215
-0.043009 1.212269
-0.042009 1.137763
-0.041009 1.067489
-0.040009 1.001179
-0.039009 0.938714
-0.038009 0.879824
-0.037009 0.824332
-0.036009 0.772089
-0.035009 0.722915
-0.034009 0.676662
-0.033009 0.633121
-0.032009 0.592202
-0.031009 0.553727
-0.030009 0.517577
-0.029009 0.483602
-0.028009 0.451744
-0.027009 0.421822
-0.026009 0.393718
-0.025009 0.367403
-0.024009 0.342697
-0.023009 0.319570
-0.022009 0.297874
-0.021009 0.277579
-0.020009 0.258565
-0.019009 0.240773
-0.018009 0.224143
-0.017009 0.208586
-0.016009 0.194013
-0.015009 0.180423
-0.014009 0.167727
-0.013009 0.155866
-0.012009 0.144780
-0.011009 0.134468
-0.010009 0.124812
-0.009009 0.115842
-0.008009 0.107467
-0.007009 0.099659
-0.006009 0.092387
-0.005009 0.085592
-0.004009 0.079304
-0.003009 0.073433
-0.002009 0.067979
-0.001009 0.062913
-0.000009 0.058204
0.000991 0.053823
0.001991 0.049770
0.002991 0.045985
0.003991 0.042498
0.004991 0.039250
0.005991 0.036210
0.006991 0.033438
0.007991 0.030845
0.008991 0.028431
0.009991 0.026226
0.010991 0.024170
0.011991 0.022262
0.012991 0.020504
0.013991 0.018865
0.014991 0.017375
0.015991 0.015974
0.016991 0.014693
0.017991 0.013500
0.018991 0.012428
0.019991 0.011414
0.020991 0.010490
0.021991 0.009626
0.022991 0.008821
0.023991 0.008106
0.024991 0.007421
0.025991 0.006795
0.026991 0.006229
0.027991 0.005722
0.028991 0.005245
0.029991 0.004798
0.030991 0.004381
0.031991 0.004023
0.032991 0.003666
0.033991 0.003368
0.034991 0.003070
0.035991 0.002801
0.036991 0.002563
0.037991 0.002325
0.038991 0.002146
0.039991 0.001937
0.040991 0.001788
0.041991 0.001609
0.042991 0.001460
0.043991 0.001341
0.044991 0.001222
0.045991 0.001103
0.046991 0.001013
0.047991 0.000924
0.048991 0.000834
0.049991 0.000775
0.050991 0.000685
0.051991 0.000626
0.052991 0.000566
0.053991 0.000507
0.054991 0.000477
0.055991 0.000417
0.056991 0.000387
0.057991 0.000358
0.058991 0.000328
0.059991 0.000298
0.060991 0.000268
0.061991 0.000238
0.062991 0.000209
0.063991 0.000179
0.064991 0.000179
0.065991 0.000149
0.066991 0.000149
0.067991 0.000119
0.068991 0.000119
0.069991 0.000119
0.070991 0.000089
0.071991 0.000089
0.072991 0.000089
0.073991 0.000060
0.074991 0.000060
0.075991 0.000060
0.076991 0.000060
0.077991 0.000060
0.078991 0.000030
0.079991 0.000030
0.080991 0.000030
0.081991 0.000030
0.082991 0.000030
0.083991 0.000030
0.084991 0.000030
0.085991 0.000030
0.086991 0.000030
0.087991 0.000030
0.088991 0.000000
0.089991 0.000000
0.090991 0.000000
0.091991 0.000000
0.092991 0.000000
0.093991 0.000000
0.094991 0.000000
0.095991 0.000000
0.096991 0.000000
0.097991 0.000000
0.098991 0.000000
0.099991 0.000000
0.100991 0.000000
0.101991 0.000000
0.102991 0.000000
0.103991 0.000000
0.104991 0.000000
0.105991 0.000000
0.106991 0.000000
0.107991 0.000000
0.108991 0.000000
0.109991 0.000000
0.110991 0.000000
0.111991 0.000000
0.112991 0.000000
0.113991 0.000000
0.114991 0.000000
0.115991 0.000000
0.116991 0.000000
0.117991 0.000000
0.118991 0.000000
0.119991 0.000000
0.120991 0.000000
0.121991 0.000000
0.122991 0.000000
0.123991 0.000000
0.124991 0.000000
0.125991 0.000000
0.126991 0.000000
0.127991 0.000000
0.128991 0.000000
0.129991 0.000000
0.130991 0.000000
0.131991 0.000000
0.132991 0.000000
0.133991 0.000000
0.134991 0.000000
0.135991 0.000000
0.136991 0.000000
0.137991 0.000000
0.138991 0.000000
0.139991 0.000000
0.140991 0.000000
0.141991 0.000000
0.142991 0.000000
0.143991 0.000000
0.144991 0.000000
0.145991 0.000000
0.146991 0.000000
0.147991 0.000000
0.148991 0.000000
0.149991 0.000000
0.150991 0.000000
0.151991 0.000000
0.152991 0.000000
0.153991 0.000000
0.154991 0.000000
0.155991 0.000000
0.156991 0.000000
0.157991 0.000000
0.158991 0.000000
0.159991 0.000000
0.160991 0.000000
0.161991 0.000000
0.162991 0.000000
0.163991 0.000000
0.164991 0.000000
0.165991 0.000000
0.166991 0.000000
0.167991 0.000000
0.168991 0.000000
0.169991 0.000000
0.170991 0.000000
0.171991 0.000000
0.172991 0.000000
0.173991 0.000000
0.174991 0.000000
0.175991 0.000000
0.176991 0.000000
0.177991 0.000000
0.178991 0.000000
0.179991 0.000000
0.180991 0.000000
0.181991 0.000000
0.182991 0.000000
0.183991 0.000000
0.184991 0.000000
0.185991 0.000000
0.186991 0.000000
0.187991 0.000000
0.188991 0.000000
0.189991 0.000000
0.190991 0.000000
0.191991 0.000000
0.192991 0.000000
0.193991 0.000000
0.194991 0.000000
0.195991 0.000000
0.196991 0.000000
0.197991 0.000000
0.198991 0.000000
0.199991 0.000000
0.200991 0.000000
0.201991 0.000000
0.202991 0.000000
0.203991 0.000000
0.204991 0.000000
0.205991 0.000000
0.206991 0.000000
0.207991 0.000000
0.208991 0.000000
0.209991 0.000000
0.210991 0.000000
0.211991 0.000000
0.212991 0.000000
0.213991 0.000000
0.214991 0.000000
0.215991 0.000000
0.216991 0.000000
0.217991 0.000000
0.218991 0.000000
0.219991 0.000000
0.220991 0.000000
0.221991 0.000000
0.222991 0.000000
0.223991 0.000000
0.224991 0.000000
0.225991 0.000000
0.226991 0.000000
0.227991 0.000000
0.228991 0.000000
0.229991 0.000000
0.230991 0.000000
0.231991 0.000000
0.232991 0.000000
0.233991 0.000000
0.234991 0.000000
0.235991 0.000000
0.236991 0.000000
0.237991 0.000000
0.238991 0.000000
0.239991 0.000000
0.240991 0.000000
0.241991 0.000000
0.242991 0.000000
0.243991 0.000000
0.244991 0.000000
0.245991 0.000000
0.246991 0.000000
0.247991 0.000000
0.248991 0.000000
0.249991 0.000000
0.250991 0.000000
0.251991 0.000000
0.252991 0.000000
0.253991 0.000000
0.254991 0.000000
0.255991 0.000000
0.256991 0.000000
0.257991 0.000000
0.258991 0.000000
0.259991 0.000000
0.260991 0.000000
0.261991 0.000000
0.262991 0.000000
0.263991 0.000000
0.264991 0.000000
0.265991 0.000000
0.266991 0.000000
0.267991 0.000000
0.268991 0.000000
0.269991 0.000000
0.270991 0.000000
0.271991 0.000000
0.272991 0.000000
0.273991 0.000000
0.274991 0.000000
0.275991 0.000000
0.276991 0.000000
0.277991 0.000000
0.278991 0.000000
0.279991 0.000000
0.280991 0.000000
0.281991 0.000000
0.282991 0.000000
0.283991 0.000000
0.284991 0.000000
0.285991 0.000000
0.286991 0.000000
0.287991 0.000000
0.288990 0.000000
0.289990 0.000000
0.290990 0.000000
0.291990 0.000000
0.292990 0.000000
0.293990 0.000000
0.294990 0.000000
0.295990 0.000000
0.296990 0.000000
0.297990 0.000000
0.298990 0.000000
0.299990 0.000000
0.300990 0.000000
0.301990 0.000000
0.302990 0.000000
0.303990 0.000000
0.304990 0.000000
0.305990 0.000000
0.306990 0.000000
0.307990 0.000000
0.308990 0.000000
0.309990 0.000000
0.310990 0.000000
0.311990 0.000000
0.312990 0.000000
0.313990 0.000000
0.314990 0.000000
0.315990 0.000000
0.316990 0.000000
0.317990 0.000000
0.318990 0.000000
0.319990 0.000000
0.320990 0.000000
0.321990 0.000000
0.322990 0.000000
0.323990 0.000000
0.324990 0.000000
0.325990 0.000000
0.326990 0.000000
0.327990 0.000000
0.328990 0.000000
0.329990 0.000000
0.330990 0.000000
0.331990 0.000000
0.332990 0.000000
0.333990 0.000000
0.334990 0.000000
0.335990 0.000000
0.336990 0.000000
0.337990 0.000000
0.338990 0.000000
0.339990 0.000000
0.340990 0.000000
0.341990 0.000000
0.342990 0.000000
0.343990 0.000000
0.344990 0.000000
0.345990 0.000000
0.346990 0.000000
0.347990 0.000000
0.348990 0.000000
0.349990 0.000000
0.350990 0.000000
0.351990 0.000000
0.352990 0.000000
0.353990 0.000000
0.354990 0.000000
0.355990 0.000000
0.356990 0.000000
0.357990 0.000000
0.358990 0.000000
0.359990 0.000000
0.360990 0.000000
0.361990 0.000000
0.362990 0.000000
0.363990 0.000000
0.364990 0.000000
0.365990 0.000000
0.366989 0.000000
0.367989 0.000000
0.368989 0.000000
0.369989 0.000000
0.370989 0.000000
0.371989 0.000000
0.372989 0.000000
0.373989 0.000000
0.374989 0.000000
0.375989 0.000000
0.376989 0.000000
0.377989 0.000000
0.378989 0.000000
0.379989 0.000000
0.380989 0.000000
0.381989 0.000000
0.382989 0.000000
0.383989 0.000000
0.384989 0.000000
0.385989 0.000000
0.386989 0.000000
0.387989 0.000000
0.388989 0.000000
0.389989 0.000000
0.390989 0.000000
0.391989 0.000000
0.392989 0.000000
0.393989 0.000000
0.394989 0.000000
0.395989 0.000000
0.396989 0.000000
0.397989 0.000000
0.398989 0.000000
0.399989 0.000000
0.400989 0.000000
0.401989 0.000000
0.402989 0.000000
0.403989 0.000000
0.404989 0.000000
0.405989 0.000000
0.406989 0.000000
0.407989 0.000000
0.408989 0.000000
0.409989 0.000000
0.410989 0.000000
0.411989 0.000000
0.412989 0.000000
0.413989 0.000000
0.414989 0.000000
0.415989 0.000000
0.416989 0.000000
0.417989 0.000000
0.418989 0.000000
0.419989 0.000000
0.420989 0.000000
0.421989 0.000000
0.422989 0.000000
0.423989 0.000000
0.424989 0.000000
0.425989 0.000000
0.426989 0.000000
0.427989 0.000000
0.428989 0.000000
0.429989 0.000000
0.430989 0.000000
0.431989 0.000000
0.432989 0.000000
0.433989 0.000000
0.434989 0.000000
0.435989 0.000000
0.436989 0.000000
0.437989 0.000000
0.438989 0.000000
0.439989 0.000000
0.440989 0.000000
0.441989 0.000000
0.442989 0.000000
0.443989 0.000000
0.444988 0.000000
0.445988 0.000000
0.446988 0.000000
0.447988 0.000000
0.448988 0.000000
0.449988 0.000000
0.450988 0.000000
0.451988 0.000000
0.452988 0.000000
0.453988 0.000000
0.454988 0.000000
0.455988 0.000000
0.456988 0.000000
0.457988 0.000000
0.458988 0.000000
0.459988 0.000000
0.460988 0.000000
0.461988 0.000000
0.462988 0.000000
0.463988 0.000000
0.464988 0.000000
0.465988 0.000000
0.466988 0.000000
0.467988 0.000000
0.468988 0.000000
0.469988 0.000000
0.470988 0.000000
0.471988 0.000000
0.472988 0.000000
0.473988 0.000000
0.474988 0.000000
0.475988 0.000000
0.476988 0.000000
0.477988 0.000000
0.478988 0.000000
0.479988 0.000000
0.480988 0.000000
0.481988 0.000000
0.482988 0.000000
0.483988 0.000000
0.484988 0.000000
0.485988 0.000000
0.486988 0.000000
0.487988 0.000000
0.488988 0.000000
0.489988 0.000000
0.490988 0.000000
0.491988 0.000000
0.492988 0.000000
0.493988 0.000000
0.494988 0.000000
0.495988 0.000000
0.496988 0.000000
0.497988 0.000000
0.498988 0.000000
0.499988 0.000000
0.500988 0.000000
0.501988 0.000000
0.502988 0.000000
0.503988 0.000000
0.504988 0.000000
0.505988 0.000000
0.506988 0.000000
0.507988 0.000000
0.508988 0.000000
0.509988 0.000000
0.510988 0.000000
0.511988 0.000000
0.512988 0.000000
0.513988 0.000000
0.514988 0.000000
0.515988 0.000000
0.516988 0.000000
0.517988 0.000000
0.518988 0.000000
0.519988 0.000000
0.520988 0.000000
0.521987 0.000000
0.522987 0.000000
0.523987 0.000000
0.524987 0.000000
0.525987 0.000000
0.526987 0.000000
0.527987 0.000000
0.528987 0.000000
0.529987 0.000000
0.530987 0.000000
0.531987 0.000000
0.532987 0.000000
0.533987 0.000000
0.534987 0.000000
0.535987 0.000000
0.536987 0.000000
0.537987 0.000000
0.538987 0.000000
0.539987 0.000000
0.540987 0.000000
0.541987 0.000000
0.542987 0.000000
0.543987 0.000000
0.544987 0.000000
0.545987 0.000000
0.546987 0.000000
0.547987 0.000000
0.548987 0.000000
0.549987 0.000000
0.550987 0.000000
0.551987 0.000000
0.552987 0.000000
0.553987 0.000000
0.554987 0.000000
0.555987 0.000000
0.556987 0.000000
0.557987 0.000000
0.558987 0.000000
0.559987 0.000000
0.560987 0.000000
0.561987 0.000000
0.562987 0.000000
0.563987 0.000000
0.564987 0.000000
0.565987 0.000000
0.566987 0.000000
0.567987 0.000000
0.568987 0.000000
0.569987 0.000000
0.570987 0.000000
0.571987 0.000000
0.572987 0.000000
0.573987 0.000000
0.574987 0.000000
0.575987 0.000000
0.576987 0.000000
0.577987 0.000000
0.578987 0.000000
0.579987 0.000000
0.580987 0.000000
0.581987 0.000000
0.582987 0.000000
0.583987 0.000000
0.584987 0.000000
0.585987 0.000000
0.586987 0.000000
0.587987 0.000000
0.588987 0.000000
0.589987 0.000000
0.590987 0.000000
0.591987 0.000000
0.592987 0.000000
0.593987 0.000000
0.594987 0.000000
0.595987 0.000000
0.596987 0.000000
0.597987 0.000000
0.598987 0.000000
0.599986 0.000000
0.600986 0.000000
0.601986 0.000000
0.602986 0.000000
0.603986 0.000000
0.604986 0.000000
0.605986 0.000000
0.606986 0.000000
0.607986 0.000000
0.608986 0.000000
0.609986 0.000000
0.610986 0.000000
0.611986 0.000000
0.612986 0.000000
0.613986 0.000000
0.614986 0.000000
0.615986 0.000000
0.616986 0.000000
0.617986 0.000000
0.618986 0.000000
0.619986 0.000000
0.620986 0.000000
0.621986 0.000000
0.622986 0.000000
0.623986 0.000000
0.624986 0.000000
0.625986 0.000000
0.626986 0.000000
0.627986 0.000000
0.628986 0.000000
0.629986 0.000000
0.630986 0.000000
0.631986 0.000000
0.632986 0.000000
0.633986 0.000000
0.634986 0.000000
0.635986 0.000000
0.636986 0.000000
0.637986 0.000000
0.638986 0.000000
0.639986 0.000000
0.640986 0.000000
0.641986 0.000000
0.642986 0.000000
0.643986 0.000000
0.644986 0.000000
0.645986 0.000000
0.646986 0.000000
0.647986 0.000000
0.648986 0.000000
0.649986 0.000000
0.650986 0.000000
0.651986 0.000000
0.652986 0.000000
0.653986 0.000000
0.654986 0.000000
0.655986 0.000000
0.656986 0.000000
0.657986 0.000000
0.658986 0.000000
0.659986 0.000000
0.660986 0.000000
0.661986 0.000000
0.662986 0.000000
0.663986 0.000000
0.664986 0.000000
0.665986 0.000000
0.666986 0.000000
0.667986 0.000000
0.668986 0.000000
0.669986 0.000000
0.670986 0.000000
0.671986 0.000000
0.672986 0.000000
0.673986 0.000000
0.674986 0.000000
0.675986 0.000000
0.676986 0.000000
0.677985 0.000000
0.678985 0.000000
0.679985 0.000000
0.680985 0.000000
0.681985 0.000000
0.682985 0.000000
0.683985 0.000000
0.684985 0.000000
0.685985 0.000000
0.686985 0.000000
0.687985 0.000000
0.688985 0.000000
0.689985 0.000000
0.690985 0.000000
0.691985 0.000000
0.692985 0.000000
0.693985 0.000000
0.694985 0.000000
0.695985 0.000000
0.696985 0.000000
0.697985 0.000000
0.698985 0.000000
0.699985 0.000000
0.700985 0.000000
0.701985 0.000000
0.702985 0.000000
0.703985 0.000000
0.704985 0.000000
0.705985 0.000000
0.706985 0.000000
0.707985 0.000000
0.708985 0.000000
0.709985 0.000000
0.710985 0.000000
0.711985 0.000000
0.712985 0.000000
0.713985 0.000000
0.714985 0.000000
0.715985 0.000000
0.716985 0.000000
0.717985 0.000000
0.718985 0.000000
0.719985 0.000000
0.720985 0.000000
0.721985 0.000000
0.722985 0.000000
0.723985 0.000000
0.724985 0.000000
0.725985 0.000000
0.726985 0.000000
0.727985 0.000000
0.728985 0.000000
0.729985 0.000000
0.730985 0.000000
0.731985 0.000000
0.732985 0.000000
0.733985 0.000000
0.734985 0.000000
0.735985 0.000000
0.736985 0.000000
0.737985 0.000000
0.738985 0.000000
0.739985 0.000000
0.740985 0.000000
0.741985 0.000000
0.742985 0.000000
0.743985 0.000000
0.744985 0.000000
0.745985 0.000000
0.746985 0.000000
0.747985 0.000000
0.748985 0.000000
0.749985 0.000000
0.750985 0.000000
0.751985 0.000000
0.752985 0.000000
0.753985 0.000000
0.754984 0.000000
0.755984 0.000000
0.756984 0.000000
0.757984 0.000000
0.758984 0.000000
0.759984 0.000000
0.760984 0.000000
0.761984 0.000000
0.762984 0.000000
0.763984 0.000000
0.764984 0.000000
0.765984 0.000000
0.766984 0.000000
0.767984 0.000000
0.768984 0.000000
0.769984 0.000000
0.770984 0.000000
0.771984 0.000000
0.772984 0.000000
0.773984 0.000000
0.774984 0.000000
0.775984 0.000000
0.776984 0.000000
0.777984 0.000000
0.778984 0.000000
0.779984 0.000000
0.780984 0.000000
0.781984 0.000000
0.782984 0.000000
0.783984 0.000000
0.784984 0.000000
0.785984 0.000000
0.786984 0.000000
0.787984 0.000000
0.788984 0.000000
0.789984 0.000000
0.790984 0.000000
0.791984 0.000000
0.792984 0.000000
0.793984 0.000000
0.794984 0.000000
0.795984 0.000000
0.796984 0.000000
0.797984 0.000000
0.798984 0.000000
0.799984 0.000000
0.800984 0.000000
0.801984 0.000000
0.802984 0.000000
0.803984 0.000000
0.804984 0.000000
0.805984 0.000000
0.806984 0.000000
0.807984 0.000000
0.808984 0.000000
0.809984 0.000000
0.810984 0.000000
0.811984 0.000000
0.812984 0.000000
0.813984 0.000000
0.814984 0.000000
0.815984 0.000000
0.816984 0.000000
0.817984 0.000000
0.818984 0.000000
0.819984 0.000000
0.820984 0.000000
0.821984 0.000000
0.822984 0.000000
0.823984 0.000000
0.824984 0.000000
0.825984 0.000000
0.826984 0.000000
0.827984 0.000000
0.828984 0.000000
0.829984 0.000000
0.830984 0.000000
0.831984 0.000000
0.832983 0.000000
0.833983 0.000000
0.834983 0.000000
0.835983 0.000000
0.836983 0.000000
0.837983 0.000000
0.838983 0.000000
0.839983 0.000000
0.840983 0.000000
0.841983 0.000000
0.842983 0.000000
0.843983 0.000000
0.844983 0.000000
0.845983 0.000000
0.846983 0.000000
0.847983 0.000000
0.848983 0.000000
0.849983 0.000000
0.850983 0.000000
0.851983 0.000000
0.852983 0.000000
0.853983 0.000000
0.854983 0.000000
0.855983 0.000000
0.856983 0.000000
0.857983 0.000000
0.858983 0.000000
0.859983 0.000000
0.860983 0.000000
0.861983 0.000000
0.862983 0.000000
0.863983 0.000000
0.864983 0.000000
0.865983 0.000000
0.866983 0.000000
0.867983 0.000000
0.868983 0.000000
0.869983 0.000000
0.870983 0.000000
0.871983 0.000000
0.872983 0.000000
0.873983 0.000000
0.874983 0.000000
0.875983 0.000000
0.876983 0.000000
0.877983 0.000000
0.878983 0.000000
0.879983 0.000000
0.880983 0.000000
0.881983 0.000000
0.882983 0.000000
0.883983 0.000000
0.884983 0.000000
0.885983 0.000000
0.886983 0.000000
0.887983 0.000000
0.888983 0.000000
0.889983 0.000000
0.890983 0.000000
0.891983 0.000000
0.892983 0.000000
0.893983 0.000000
0.894983 0.000000
0.895983 0.000000
0.896983 0.000000
0.897983 0.000000
0.898983 0.000000
0.899983 0.000000
0.900983 0.000000
0.901983 0.000000
0.902983 0.000000
0.903983 0.000000
0.904983 0.000000
0.905983 0.000000
0.906983 0.000000
0.907983 0.000000
0.908983 0.000000
0.909983 0.000000
0.910982 0.000000
0.911982 0.000000
0.912982 0.000000
0.913982 0.000000
0.914982 0.000000
0.915982 0.000000
0.916982 0.000000
0.917982 0.000000
0.918982 0.000000
0.919982 0.000000
0.920982 0.000000
0.921982 0.000060
0.922982 0.000060
0.923982 0.000060
0.924982 0.000060
0.925982 0.000060
0.926982 0.000119
0.927982 0.000119
0.928982 0.000119
0.929982 0.000119
0.930982 0.000119
0.931982 0.000119
0.932982 0.000119
0.933982 0.000119
0.934982 0.000179
0.935982 0.000179
0.936982 0.000238
0.937982 0.000238
0.938982 0.000238
0.939982 0.000298
0.940982 0.000358
0.941982 0.000358
0.942982 0.000358
0.943982 0.000417
0.944982 0.000477
0.945982 0.000477
0.946982 0.000596
0.947982 0.000596
0.948982 0.000715
0.949982 0.000715
0.950982 0.000834
0.951982 0.000954
0.952982 0.001013
0.953982 0.001073
0.954982 0.001192
0.955982 0.001311
0.956982 0.001431
0.957982 0.001609
0.958982 0.001788
0.959982 0.001907
0.960982 0.002146
0.961982 0.002325
0.962982 0.002563
0.963982 0.002801
0.964982 0.003099
0.965982 0.003338
0.966982 0.003695
0.967982 0.003994
0.968982 0.004411
0.969982 0.004768
0.970982 0.005245
0.971982 0.005722
0.972982 0.006199
0.973982 0.006795
0.974982 0.007391
0.975982 0.008106
0.976982 0.008821
0.977982 0.009596
0.978982 0.010490
0.979982 0.011384
0.980982 0.012398
0.981982 0.013471
0.982982 0.014663
0.983982 0.015974
0.984982 0.017345
0.985982 0.018835
0.986982 0.020444
0.987981 0.022173
0.988981 0.024080
0.989981 0.026166
0.990981 0.028372
0.991981 0.030756
0.992981 0.033379
0.993981 0.036120
0.994981 0.039160
0.995981 0.042379
0.996981 0.045896
0.997981 0.049651
0.998981 0.053704
0.999981 0.058055
1.000981 0.062823
1.001981 0.067830
1.002981 0.073314
1.003981 0.079155
1.004982 0.085413
1.005982 0.092149
1.006982 0.099421
1.007982 0.107229
1.008982 0.115633
1.009982 0.124574
1.010982 0.134170
1.011982 0.144482
1.012982 0.155568
1.013982 0.167370
1.014982 0.180066
1.015982 0.193596
1.016982 0.208139
1.017982 0.223696
1.018982 0.240326
1.019982 0.258088
1.020982 0.277042
1.021982 0.297308
1.022982 0.319004
1.023982 0.342071
1.024982 0.366688
1.025982 0.393033
1.026983 0.421047
1.027983 0.450909
1.028983 0.482738
1.029983 0.516653
1.030983 0.552773
1.031983 0.591159
1.032983 0.632048
1.033983 0.675440
1.034983 0.721693
1.035983 0.770807
1.036983 0.822902
1.037983 0.878334
1.038983 0.937104
1.039983 0.999510
1.040983 1.065731
1.041983 1.135886
1.042983 1.210272
1.043983 1.289129
1.044983 1.372576
1.045983 1.461029
1.046983 1.554608
1.047984 1.653612
1.048984 1.758337
1.049984 1.869082
1.050984 1.986146
1.051984 2.109766
1.052984 2.240360
1.053984 2.378225
1.054984 2.523780
1.055984 2.677262
1.056984 2.839148
1.057984 3.009796
1.058984 3.189683
1.059984 3.379166
1.060984 3.578722
1.061984 3.788769
1.062984 4.009783
1.063984 4.242301
1.064984 4.486799
1.065984 4.743814
1.066984 5.013824
1.067984 5.297482
1.068985 5.595326
1.069985 5.907953
1.070985 6.235957
1.071985 6.579995
1.072985 6.940722
1.073985 7.318795
1.074985 7.714868
1.075985 8.129716
1.076985 8.564054
1.077985 9.018660
1.078985 9.494185
1.079985 9.991527
1.080985 10.511398
1.081985 11.054754
1.082985 11.622310
1.083985 12.215078
1.084985 12.833834
1.085985 13.479471
1.086985 14.153004
1.087985 14.855385
1.088985 15.587449
1.089985 16.350328
1.090986 17.144918
1.091986 17.972290
1.092986 18.833458
1.093986 19.729496
1.094986 20.661472
1.095986 21.630405
1.096986 22.637486
1.097986 23.683907
1.098986 24.770618
1.099986 25.898815
1.100986 27.069748
1.101986 28.284550
1.102986 29.544294
1.103986 30.850351
1.104986 32.203793
1.105986 33.605934
1.106986 35.057903
1.107986 36.560894
1.108986 38.116276
1.109986 39.725185
1.110986 41.388870
1.111987 43.108643
1.112987 44.885635
1.113987 46.721100
1.114987 48.616348
1.115987 50.572514
1.116987 52.590965
1.117987 54.672718
1.118987 56.819199
1.119987 59.031425
1.120987 61.310707
1.121987 63.658119
1.122987 66.074966
1.123987 68.562149
1.124987 71.121094
1.125987 73.752640
1.126987 76.458038
1.127987 79.238235
1.128987 82.094315
1.129987 85.027275
1.130987 88.038086
1.131987 91.127632
1.132987 94.296936
1.133988 97.546753
1.134988 100.877998
1.135988 104.291443
1.136988 107.787727
1.137988 111.367760
1.138988 115.032074
1.139988 118.781326
1.140988 122.616112
1.141988 126.536903
1.142988 130.544189
1.143988 134.638367
1.144988 138.819809
1.145988 143.088882
1.146988 147.445740
1.147988 151.890579
1.148988 156.423569
1.149988 161.044724
1.150988 165.754135
1.151988 170.551651
1.152988 175.437149
1.153988 180.410446
1.154989 185.471298
1.155989 190.619293
1.156989 195.854065
1.157989 201.175217
1.158989 206.582062
1.159989 212.074036
1.160989 217.650528
1.161989 223.310715
1.162989 229.053619
1.163989 234.878540
1.164989 240.784409
1.165989 246.770203
1.166989 252.834671
1.167989 258.976746
1.168989 265.195129
1.169989 271.488434
1.170989 277.855225
1.171989 284.294067
1.172989 290.803375
1.173989 297.381531
1.174989 304.026855
1.175990 310.737488
1.176990 317.511749
1.177990 324.347687
1.178990 331.243286
1.179990 338.196625
1.180990 345.205597
1.181990 352.268097
1.182990 359.381866
1.183990 366.544739
1.184990 373.754395
1.185990 381.008514
1.186990 388.304657
1.187990 395.640442
1.188990 403.013397
1.189990 410.421021
1.190990 417.860687
1.191990 425.329926
1.192990 432.826050
1.193990 440.346405
1.194990 447.888367
1.195990 455.449158
1.196990 463.026154
1.197991 470.616638
1.198991 478.217773
1.199991 485.826782
1.200991 493.441040
1.201991 501.057617
1.202991 508.673920
1.203991 516.286987
1.204991 523.894043
1.205991 531.492615
1.206991 539.079529
1.207991 546.652344
1.208991 554.208130
1.209991 561.744446
1.210991 569.258362
1.211991 576.747192
1.212991 584.208496
1.213991 591.639526
1.214991 599.037781
1.215991 606.400635
1.216991 613.725647
1.217991 621.010437
1.218992 628.252380
1.219992 635.449280
1.220992 642.598755
1.221992 649.698486
1.222992 656.746399
1.223992 663.740051
1.224992 670.677673
1.225992 677.556885
1.226992 684.375732
1.227992 691.132568
1.228992 697.825317
1.229992 704.452148
1.230992 711.011292
1.231992 717.501160
1.232992 723.920227
1.233992 730.266785
1.234992 736.539368
1.235992 742.736694
1.236992 748.857239
1.237992 754.900085
1.238992 760.863770
1.239992 766.747253
1.240993 772.549500
1.241993 778.269531
1.242993 783.906555
1.243993 789.459595
1.244993 794.928101
1.245993 800.311218
1.246993 805.608398
1.247993 810.819153
1.248993 815.942993
1.249993 820.979492
1.250993 825.928467
1.251993 830.789551
1.252993 835.562561
1.253993 840.247375
1.254993 844.844116
1.255993 849.352600
1.256993 853.773132
1.257993 858.105530
1.258993 862.350220
1.259993 866.507385
1.260993 870.577454
1.261994 874.560608
1.262994 878.457520
1.263994 882.268433
1.264994 885.994080
1.265994 889.634827
1.266994 893.191589
1.267994 896.664856
1.268994 900.055420
1.269994 903.363953
1.270994 906.591309
1.271994 909.738281
1.272994 912.805908
1.273994 915.794983
1.274994 918.706543
1.275994 921.541443
1.276994 924.300781
1.277994 926.985474
1.278994 929.596802
1.279994 932.135681
1.280994 934.603210
1.281994 937.000732
1.282995 939.329163
1.283995 941.589600
1.284995 943.783508
1.285995 945.911865
1.286995 947.975891
1.287995 949.976929
1.288995 951.916077
1.289995 953.794617
1.290995 955.613708
1.291995 957.374695
1.292995 959.078796
1.293995 960.727112
1.294995 962.321045
1.295995 963.861694
1.296995 965.350403
1.297995 966.788391
1.298995 968.176819
1.299995 969.517090
1.300995 970.810181
1.301995 972.057373
1.302995 973.259827
1.303995 974.418762
1.304996 975.535400
1.305996 976.610657
1.306996 977.646118
1.307996 978.642456
1.308996 979.601013
1.309996 980.522888
1.310996 981.409180
1.311996 982.260803
1.312996 983.078979
1.313996 983.864685
1.314996 984.618896
1.315996 985.342651
1.316996 986.036804
1.317996 986.702576
1.318996 987.340698
1.319996 987.952087
1.320996 988.537781
1.321996 989.098572
1.322996 989.635254
1.323996 990.148804
1.324996 990.640015
1.325997 991.109741
1.326997 991.558533
1.327997 991.987366
1.328997 992.396973
1.329997 992.787964
1.330997 993.161194
1.331997 993.517151
1.332997 993.856689
1.333997 994.180420
1.334997 994.488831
1.335997 994.782715
1.336997 995.062500
1.337997 995.328918
1.338997 995.582336
1.339997 995.823364
1.340997 996.052734
1.341997 996.270630
1.342997 996.477722
1.343997 996.674438
1.344997 996.861206
1.345997 997.038513
1.346997 997.206665
1.347998 997.366211
1.348998 997.517456
1.349998 997.660767
1.350998 997.796631
1.351998 997.925293
1.352998 998.046997
1.353998 998.162292
1.354998 998.271362
1.355998 998.374451
1.356998 998.471985
1.357998 998.564026
1.358998 998.651001
1.359998 998.733276
1.360998 998.810791
1.361998 998.883972
1.362998 998.953125
1.363998 999.018188
1.364998 999.079590
1.365998 999.137390
1.366998 999.191895
1.367998 999.243164
1.368999 999.291443
1.369999 999.336853
1.370999 999.379639
1.371999 999.419800
1.372999 999.457458
1.373999 999.492981
1.374999 999.526245
1.375999 999.557617
1.376999 999.586914
1.377999 999.614502
1.378999 999.640198
1.379999 999.664551
1.380999 999.687195
1.381999 999.708435
1.382999 999.728333
1.383999 999.747009
1.384999 999.764465
1.385999 999.780640
1.386999 999.795898
1.387999 999.810242
1.388999 999.823547
1.390000 999.835938
1.391000 999.847656
1.392000 999.858398
1.393000 999.868652
1.394000 999.877930
1.395000 999.886780
1.396000 999.894958
1.397000 999.902588
1.398000 999.909729
1.399000 999.916321
1.400000 999.922485
1.401000 999.928223
1.402000 999.933594
1.403000 999.938477
1.404000 999.943115
1.405000 999.947449
1.406000 999.951355
1.407000 999.955200
1.408000 999.958496
1.409000 999.961731
1.410000 999.964722
1.411000 999.967346
1.412001 999.969971
1.413001 999.972229
1.414001 999.974487
1.415001 999.976379
1.416001 999.978333
1.417001 999.979980
1.418001 999.981628
1.419001 999.983093
1.420001 999.984375
1.421001 999.985718
1.422001 999.986877
1.423001 999.987854
1.424001 999.988892
1.425001 999.989746
1.426001 999.990723
1.427001 999.991394
1.428001 999.992126
1.429001 999.992737
1.430001 999.993347
1.431001 999.993896
1.432001 999.994385
1.433002 999.994873
1.434002 999.995361
1.435002 999.995728
1.436002 999.996094
1.437002 999.996399
1.438002 999.996643
1.439002 999.997009
1.440002 999.997253
1.441002 999.997498
1.442002 999.997742
1.443002 999.997864
1.444002 999.998108
1.445002 999.998352
1.446002 999.998474
1.447002 999.998596
1.448002 999.998718
1.449002 999.998779
1.450002 999.998901
1.451002 999.999023
1.452002 999.999023
1.453002 999.999146
1.454002 999.999268
1.455003 999.999268
1.456003 999.999390
1.457003 999.999390
1.458003 999.999512
1.459003 999.999512
1.460003 999.999512
1.461003 999.999634
1.462003 999.999634
1.463003 999.999756
1.464003 999.999756
1.465003 999.999756
1.466003 999.999756
1.467003 999.999756
1.468003 999.999756
1.469003 999.999756
1.470003 999.999878
1.471003 999.999878
1.472003 999.999878
1.473003 999.999878
1.474003 999.999878
1.475003 999.999878
1.476004 999.999878
1.477004 999.999878
1.478004 1000.000000
1.479004 1000.000000
1.480004 1000.000000
1.481004 1000.000000
1.482004 1000.000000
1.483004 1000.000000
1.484004 1000.000000
1.485004 1000.000000
1.486004 1000.000000
1.487004 1000.000000
1.488004 1000.000000
1.489004 1000.000000
1.490004 1000.000000
1.491004 1000.000000
1.492004 1000.000000
1.493004 1000.000000
1.494004 1000.000000
1.495004 1000.000000
1.496004 1000.000000
1.497005 1000.000000
1.498005 1000.000000
1.499005 1000.000000
1.500005 1000.000000
1.501005 1000.000000
1.502005 1000.000000
1.503005 1000.000000
1.504005 1000.000000
1.505005 1000.000000
1.506005 1000.000000
1.507005 1000.000000
1.508005 1000.000000
1.509005 1000.000000
1.510005 1000.000000
1.511005 1000.000000
1.512005 1000.000000
1.513005 1000.000000
1.514005 1000.000000
1.515005 1000.000000
1.516005 1000.000000
1.517005 1000.000000
1.518005 1000.000000
1.519006 1000.000000
1.520006 1000.000000
1.521006 1000.000000
1.522006 1000.000000
1.523006 1000.000000
1.524006 1000.000000
1.525006 1000.000000
1.526006 1000.000000
1.527006 1000.000000
1.528006 1000.000000
1.529006 1000.000000
1.530006 1000.000000
1.531006 1000.000000
1.532006 1000.000000
1.533006 1000.000000
1.534006 1000.000000
1.535006 1000.000000
1.536006 1000.000000
1.537006 1000.000000
1.538006 1000.000000
1.539006 1000.000000
1.540007 1000.000000
1.541007 1000.000000
1.542007 1000.000000
1.543007 1000.000000
1.544007 1000.000000
1.545007 1000.000000
1.546007 1000.000000
1.547007 1000.000000
1.548007 1000.000000
1.549007 1000.000000
1.550007 1000.000000
1.551007 1000.000000
1.552007 1000.000000
1.553007 1000.000000
1.554007 1000.000000
1.555007 1000.000000
1.556007 1000.000000
1.557007 1000.000000
1.558007 1000.000000
1.559007 1000.000000
1.560007 1000.000000
1.561007 1000.000000
1.562008 1000.000000
1.563008 1000.000000
1.564008 1000.000000
1.565008 1000.000000
1.566008 1000.000000
1.567008 1000.000000
1.568008 1000.000000
1.569008 1000.000000
1.570008 1000.000000
1.571008 1000.000000
1.572008 1000.000000
1.573008 1000.000000
1.574008 1000.000000
1.575008 1000.000000
1.576008 1000.000000
1.577008 1000.000000
1.578008 1000.000000
1.579008 1000.000000
1.580008 1000.000000
1.581008 1000.000000
1.582008 1000.000000
1.583009 1000.000000
1.584009 1000.000000
1.585009 1000.000000
1.586009 1000.000000
1.587009 1000.000000
1.588009 1000.000000
1.589009 1000.000000
1.590009 1000.000000
1.591009 1000.000000
1.592009 1000.000000
1.593009 1000.000000
1.594009 1000.000000
1.595009 1000.000000
1.596009 1000.000000
1.597009 1000.000000
1.598009 1000.000000
1.599009 1000.000000
1.600009 1000.000000
1.601009 1000.000000
1.602009 1000.000000
1.603009 1000.000000
1.604010 1000.000000
1.605010 1000.000000
1.606010 1000.000000
1.607010 1000.000000
1.608010 1000.000000
1.609010 1000.000000
1.610010 1000.000000
1.611010 1000.000000
1.612010 1000.000000
1.613010 1000.000000
1.614010 1000.000000
1.615010 1000.000000
1.616010 1000.000000
1.617010 1000.000000
1.618010 1000.000000
1.619010 1000.000000
1.620010 1000.000000
1.621010 1000.000000
1.622010 1000.000000
1.623010 1000.000000
1.624010 1000.000000
1.625010 1000.000000
1.626011 1000.000000
1.627011 1000.000000
1.628011 1000.000000
1.629011 1000.000000
1.630011 1000.000000
1.631011 1000.000000
1.632011 1000.000000
1.633011 1000.000000
1.634011 1000.000000
1.635011 1000.000000
1.636011 1000.000000
1.637011 1000.000000
1.638011 1000.000000
1.639011 1000.000000
1.640011 1000.000000
1.641011 1000.000000
1.642011 1000.000000
1.643011 1000.000000
1.644011 1000.000000
1.645011 1000.000000
1.646011 1000.000000
1.647012 1000.000000
1.648012 1000.000000
1.649012 1000.000000
1.650012 1000.000000
1.651012 1000.000000
1.652012 1000.000000
1.653012 1000.000000
1.654012 1000.000000
1.655012 1000.000000
1.656012 1000.000000
1.657012 1000.000000
1.658012 1000.000000
1.659012 1000.000000
1.660012 1000.000000
1.661012 1000.000000
1.662012 1000.000000
1.663012 1000.000000
1.664012 1000.000000
1.665012 1000.000000
1.666012 1000.000000
1.667012 1000.000000
1.668012 1000.000000
1.669013 1000.000000
1.670013 1000.000000
1.671013 1000.000000
1.672013 1000.000000
1.673013 1000.000000
1.674013 1000.000000
1.675013 1000.000000
1.676013 1000.000000
1.677013 1000.000000
1.678013 1000.000000
1.679013 1000.000000
1.680013 1000.000000
1.681013 1000.000000
1.682013 1000.000000
1.683013 1000.000000
1.684013 1000.000000
1.685013 1000.000000
1.686013 1000.000000
1.687013 1000.000000
1.688013 1000.000000
1.689013 1000.000000
1.690014 1000.000000
1.691014 1000.000000
1.692014 1000.000000
1.693014 1000.000000
1.694014 1000.000000
1.695014 1000.000000
1.696014 1000.000000
1.697014 1000.000000
1.698014 1000.000000
1.699014 1000.000000
1.700014 1000.000000
1.701014 1000.000000
1.702014 1000.000000
1.703014 1000.000000
1.704014 1000.000000
1.705014 1000.000000
1.706014 1000.000000
1.707014 1000.000000
1.708014 1000.000000
1.709014 1000.000000
1.710014 1000.000000
1.711015 1000.000000
1.712015 1000.000000
1.713015 1000.000000
1.714015 1000.000000
1.715015 1000.000000
1.716015 1000.000000
1.717015 1000.000000
1.718015 1000.000000
1.719015 1000.000000
1.720015 1000.000000
1.721015 1000.000000
1.722015 1000.000000
1.723015 1000.000000
1.724015 1000.000000
1.725015 1000.000000
1.726015 1000.000000
1.727015 1000.000000
1.728015 1000.000000
1.729015 1000.000000
1.730015 1000.000000
1.731015 1000.000000
1.732015 1000.000000
1.733016 1000.000000
1.734016 1000.000000
1.735016 1000.000000
1.736016 1000.000000
1.737016 1000.000000
1.738016 1000.000000
1.739016 1000.000000
1.740016 1000.000000
1.741016 1000.000000
1.742016 1000.000000
1.743016 1000.000000
1.744016 1000.000000
1.745016 1000.000000
1.746016 1000.000000
1.747016 1000.000000
1.748016 1000.000000
1.749016 1000.000000
1.750016 1000.000000
1.751016 1000.000000
1.752016 1000.000000
1.753016 1000.000000
1.754017 1000.000000
1.755017 1000.000000
1.756017 1000.000000
1.757017 1000.000000
1.758017 1000.000000
1.759017 1000.000000
1.760017 1000.000000
1.761017 1000.000000
1.762017 1000.000000
1.763017 1000.000000
1.764017 1000.000000
1.765017 1000.000000
1.766017 1000.000000
1.767017 1000.000000
1.768017 1000.000000
1.769017 1000.000000
1.770017 1000.000000
1.771017 1000.000000
1.772017 1000.000000
1.773017 1000.000000
1.774017 1000.000000
1.775017 1000.000000
1.776018 1000.000000
1.777018 1000.000000
1.778018 1000.000000
1.779018 1000.000000
1.780018 1000.000000
1.781018 1000.000000
1.782018 1000.000000
1.783018 1000.000000
1.784018 1000.000000
1.785018 1000.000000
1.786018 1000.000000
1.787018 1000.000000
1.788018 1000.000000
1.789018 1000.000000
1.790018 1000.000000
1.791018 1000.000000
1.792018 1000.000000
1.793018 1000.000000
1.794018 1000.000000
1.795018 1000.000000
1.796018 1000.000000
1.797019 1000.000000
1.798019 1000.000000
1.799019 1000.000000
1.800019 1000.000000
1.801019 1000.000000
1.802019 1000.000000
1.803019 1000.000000
1.804019 1000.000000
1.805019 1000.000000
1.806019 1000.000000
1.807019 1000.000000
1.808019 1000.000000
1.809019 1000.000000
1.810019 1000.000000
1.811019 1000.000000
1.812019 1000.000000
1.813019 1000.000000
1.814019 1000.000000
1.815019 1000.000000
1.816019 1000.000000
1.817019 1000.000000
1.818020 1000.000000
1.819020 1000.000000
1.820020 1000.000000
1.821020 1000.000000
1.822020 1000.000000
1.823020 1000.000000
1.824020 1000.000000
1.825020 1000.000000
1.826020 1000.000000
1.827020 1000.000000
1.828020 1000.000000
1.829020 1000.000000
1.830020 1000.000000
1.831020 1000.000000
1.832020 1000.000000
1.833020 1000.000000
1.834020 1000.000000
1.835020 1000.000000
1.836020 1000.000000
1.837020 1000.000000
1.838020 1000.000000
1.839020 1000.000000
1.840021 1000.000000
1.841021 1000.000000
1.842021 1000.000000
1.843021 1000.000000
1.844021 1000.000000
1.845021 1000.000000
1.846021 1000.000000
1.847021 1000.000000
1.848021 1000.000000
1.849021 1000.000000
1.850021 1000.000000
1.851021 1000.000000
1.852021 1000.000000
1.853021 1000.000000
1.854021 1000.000000
1.855021 1000.000000
1.856021 1000.000000
1.857021 1000.000000
1.858021 1000.000000
1.859021 1000.000000
1.860021 1000.000000
1.861022 1000.000000
1.862022 1000.000000
1.863022 1000.000000
1.864022 1000.000000
1.865022 1000.000000
1.866022 1000.000000
1.867022 1000.000000
1.868022 1000.000000
1.869022 1000.000000
1.870022 1000.000000
1.871022 1000.000000
1.872022 1000.000000
1.873022 1000.000000
1.874022 1000.000000
1.875022 1000.000000
1.876022 1000.000000
1.877022 1000.000000
1.878022 1000.000000
1.879022 1000.000000
1.880022 1000.000000
1.881022 1000.000000
1.882023 1000.000000
1.883023 1000.000000
1.884023 1000.000000
1.885023 1000.000000
1.886023 1000.000000
1.887023 1000.000000
1.888023 1000.000000
1.889023 1000.000000
1.890023 1000.000000
1.891023 1000.000000
1.892023 1000.000000
1.893023 1000.000000
1.894023 1000.000000
1.895023 1000.000000
1.896023 1000.000000
1.897023 1000.000000
1.898023 1000.000000
1.899023 1000.000000
1.900023 1000.000000
1.901023 1000.000000
1.902023 1000.000000
1.903023 1000.000000
1.904024 1000.000000
1.905024 1000.000000
1.906024 1000.000000
1.907024 1000.000000
1.908024 1000.000000
1.909024 1000.000000
1.910024 1000.000000
1.911024 1000.000000
1.912024 1000.000000
1.913024 1000.000000
1.914024 1000.000000
1.915024 1000.000000
1.916024 1000.000000
1.917024 1000.000000
1.918024 1000.000000
1.919024 1000.000000
1.920024 1000.000000
1.921024 1000.000000
1.922024 1000.000000
1.923024 1000.000000
1.924024 1000.000000
1.925025 1000.000000
1.926025 1000.000000
1.927025 1000.000000
1.928025 1000.000000
1.929025 1000.000000
1.930025 1000.000000
1.931025 1000.000000
1.932025 1000.000000
1.933025 1000.000000
1.934025 1000.000000
1.935025 1000.000000
1.936025 1000.000000
1.937025 1000.000000
1.938025 1000.000000
1.939025 1000.000000
1.940025 1000.000000
1.941025 1000.000000
1.942025 1000.000000
1.943025 1000.000000
1.944025 1000.000000
1.945025 1000.000000
1.946025 1000.000000
1.947026 1000.000000
1.948026 1000.000000
1.949026 1000.000000
1.950026 1000.000000
1.951026 1000.000000
1.952026 1000.000000
1.953026 1000.000000
1.954026 1000.000000
1.955026 1000.000000
1.956026 1000.000000
1.957026 1000.000000
1.958026 1000.000000
1.959026 1000.000000
1.960026 1000.000000
1.961026 1000.000000
1.962026 1000.000000
1.963026 1000.000000
1.964026 1000.000000
1.965026 1000.000000
1.966026 1000.000000
1.967026 1000.000000
1.968027 1000.000000
1.969027 1000.000000
1.970027 1000.000000
1.971027 1000.000000
1.972027 1000.000000
1.973027 1000.000000
1.974027 1000.000000
1.975027 1000.000000
1.976027 1000.000000
1.977027 1000.000000
1.978027 1000.000000
1.979027 1000.000000
1.980027 1000.000000
1.981027 1000.000000
1.982027 1000.000000
1.983027 1000.000000
1.984027 1000.000000
1.985027 1000.000000
1.986027 1000.000000
1.987027 1000.000000
1.988027 1000.000000
1.989028 1000.000000
1.990028 1000.000000
1.991028 1000.000000
1.992028 1000.000000
1.993028 1000.000000
1.994028 1000.000000
1.995028 1000.000000
1.996028 1000.000000
1.997028 1000.000000
1.998028 1000.000000
1.999028 1000.000000
